28 0
27 1
26 1
25 2
24 3
23 4
22 5
22 6
22 7
22 8
22 9
22 10
22 11
22 12
22 13
22 14
22 15
22 16
23 17
24 17
25 17
26 17
27 17
28 17
29 17
30 17
31 17
32 17
33 18
33 19
33 20
33 21
33 22
33 23
33 24
33 25
33 26
33 27
33 28
33 29
33 30
33 31
34 32
35 33
36 33
37 33
38 33
39 33
40 33
40 34
40 35
40 36
40 37
40 38
40 39
40 40
39 41
38 41
37 41
36 41
35 41
34 41
33 41
32 41
31 41
30 41
29 41
28 41
27 41
26 41
25 41
24 40
23 39
22 38
21 37
20 36
19 35
18 34
17 33
16 32
16 31
16 30
16 29
16 28
16 27
16 26
16 25
16 24
16 23
16 22
16 21
