0 0 2 3 6
10 1 18 4 1
18 1 20 4 3
39 2 41 10 1
4 4 5 5 3
10 4 15 7 1
26 6 30 8 2
4 7 5 8 1
10 7 16 8 1
10 8 15 9 1
26 8 31 9 2
9 9 16 10 1
26 9 30 11 2
4 10 5 13 3
9 10 15 11 1
10 11 15 16 1
26 12 30 15 2
5 19 6 20 5
18 19 22 23 3
24 19 29 23 3
4 20 7 21 5
5 21 6 22 5
18 23 29 26 3
18 26 22 27 3
24 26 29 27 3
5 27 7 28 4
4 28 8 29 4
3 29 9 30 4
4 30 8 31 4
23 30 28 31 1
5 31 7 32 4
24 31 29 32 1
25 32 30 33 1
26 33 31 34 1
4 34 6 36 2
27 34 32 35 1
28 35 33 36 1
5 36 6 37 2
9 36 10 37 6
1 37 3 38 5
8 37 10 38 6
6 38 8 39 6
9 38 11 39 6
5 39 11 40 6
